0001048791
0001048775
0001048236
0000401048
0001019880
0001048813
0001148427
0001057170
0001047566
0001053396
0000913154
0001072986
0001053744
0001055178
0001064487
0001042335
0000202010
0001057138
000136118X
0000000868
0001053655
0001360000
0000038504
0001203088
0001061100
0001018043
0000477141
0001437879
0001035649
0001381245
000102521X
0001371045
0001468685
0000619574
0001473727
0001061127
0001384198
0000230022
0001057324
0001382489
0001001787
0000174076
0001056107
0000000116
0000013714
0001380877
0001486632
0001484648
0001057146
0001360183
0001056530
000077135X
0001006002
0001632108
0001436163
0001006657
0001713086
0001361155
000171287X
0001472933
000171130X
0001837192
0001361139
000100039X
0001062395
0001473905
000047715X
0001386301
0001536338
0001720104
0001714546
0001720252
0001371037
0001621076
0001839225
0001384163
0001944959
0001837397
0001944541
0001487795
0001923331
0001923315
0001381733
0001714538
0001847627
0001515195
0001857169
0001711342
0001360779
000161102X
0001942611
0001374400
000184749X
0001714384
0001847775
0001848062
0001950584
0001845357
0001203010
0001922408
0001955837
0001937782
0001981315
0001384155
0001954563
0001956272
0001841580
0001954032
0001961012
0001982559
0001942123
0001842765
0001982796
000195783X
0001857029
0001950541
0001959735
000198327X
0002000075
0001984020
0001982419
0001846590
0001939777
0001026038
0001983261
0000015393
0001983415
0001850164
0001850032
000198392X
0001983393
0002000822
0001842501
0000029831
0001473123
0002000377
0002000725
0001983938
0002000105
000200092X
0001837664
0000095699
0002000172
0002000253
0002000547
0001981692
0002000202
0000041696
0001844040
0002006162
0001983857
0001713256
0002000997
0002000946
0002000369
0001720317
0001543849
0002000245
0002006650
0001956264
0002005387
0002005808
0002006898
0002005298
0001127748
0002006006
0002103648
0001839233
0001711474
0002005395
0002007576
0002008483
0002008211
0002005239
0002111616
0002006413
0001982443
000200089X
0002110326
000200576X
0002111640
000211268X
0002008475
0002006774
0002103540
0002006723
000200027X
0001501232
0002007827
0002110725
0002051850
0002006715
0002006618
0002113570
0002114038
0002114453
0002007843
0002116448
0002114437
0002117649
0002008394
0002007649
0002114674
0002116138
0001945130
0001913093
000211495X
0002103818
0002006758
0002008572
0002115581
0002115808
0001956752
0001712772
0002007932
0002119307
0001856871
0002118769
000215126X
0002152460
0002118858
0002119366
0001982370
0002153238
0002007207
0001982435
0002112388
0002116499
000215191X
0002154781
0002111306
0001983660
0001954059
0002153971
0002155133
0002152134
0002157233
0002153327
0002153246
0001711237
0002151189
0002113848
0001983806
0002156660
0002117207
0002133636
0002114186
0001844164
0002117274
0002158183
0002007908
0002006812
0002153432
0002156849
0002158426
0002007681
0002160544
0002160587
0002159619
0002117177
0002158388
0002115050
0002157462
0002008815
0002110210
0002115352
0002157470
0002160374
0002116456
0002154129
0002008505
0002152975
000215644X
0002150514
0002151634
000200724X
0002159449
0002153904
0002119560
0002162989
0002163519
0002157330
0002160560
0002118572
000215949X
0002161508
000215420X
0002151448
0002159260
0002111713
0002166453
0002166992
0002154579
000216843X
0002153211
0002159996
0002158442
0002117053
0002163659
0002157977
0002164639
0002161621
0002164248
0002167859
0002161362
0002166658
000215854X
000215921X
0002158000
0002155435
0002176203
0002155796
0002159317
0002169525
0002176173
0002176475
0002157292
0002167549
0001527355
0002161184
0002166674
0002166070
0002159643
0002177064
0002166461
0002172739
000216194X
0002158612
0002175312
0002179741
0002179938
0002162733
0002000601
000217863X
000218706X
0002162288
0002159627
0002160161
0002154390
0002177285
0002191792
0002184702
0002162652
0002163292
000217104X
0002199181
000219502X
0002187027
0002192063
0001713108
000217572X
0001841777
0002187949
000217796X
000211562X
0002168952
0001711296
000217989X
0002187035
0002167425
0002173808
0002199351
0002179911
0002175983
0002198940
0002199378
000218494X
0002159511
0002197189
0002177803
0002192373
0002166925
0002197790
000217734X
0002175800
0002177897
0002185385
000215725X
0002191199
0002177862
0002200031
0002177293
0002182300
0002195690
0002211297
0002201372
0002199815
0002189615
0002213184
0002174960
0002179083
0002211823
0002172747
0002211483
0002193787
0002179687
000219984X
0002178559
0002184796
0002198126
0002199130
0002210495
0002199963
0002199092
0002199793
0002181193
0002191369
0002154838
0002199203
0002188384
000216163X
0002188899
0002154463
0002199645
0002199173
0002117088
0002192101
0002212129
0002170590
0002172135
0002211467
0002179415
0002179725
0002200597
0002220334
0002201399
0002007770
0002200643
0002212161
0002218321
0002221373
0002213583
0002210967
000221735X
0002215748
0002217473
0002117886
0002222817
0002171058
0002217600
0002202123
0002214113
0002179679
000221413X
0002202158
0002197782
0002192888
0002219417
0002214709
0002222450
0002216213
0002227096
0002213311
0002189607
0002211025
0002219360
0002222965
0002218879
0002214032
0002216477
0002219492
0002234394
0002192497
0002215357
0002199823
0002217635
0002192527
0002220350
0002239426
0002200120
0002234572
0002237245
0002231832
0002218615
0002173247
0002233568
0002240017
0002236648
0002234173
0002216973
0002226901
0002238918
0002222671
0002236761
0002247593
0002219565
0002246325
0002220075
0002190699
0002239833
000225073X
0002238314
0002231026
0002243644
0002231344
0002228645
0002245922
0002250667
0002250713
000225168X
0002238586
0002251183
0002236540
0002233916
000225056X
0002251965
0002251043
0002247623
0002252104
000225218X
0002251337
0002245833
0002226340
0002243741
0002253399
000222383X
0002232529
0002252015
0002250462
0002240432
0002254182
0002257777
000225686X
0002250748
0002247399
0002231875
0002251493
0002226618
000224053X
0002242052
000223677X
0002251507
0002245493
0002254816
0002258579
0002217325
0002257858
000222657X
0002253968
0002254565
0002259192
0002251833
000225705X
0002243768
0002250357
0002250381
0002250519
0002254123
0002250616
0002221020
000231469X
0002250535
0002192047
0002312263
0002222590
0002314592
0002221365
0002253372
0002315963
0002312298
0002315459
0002261200
0002250756
0002202085
0002326825
0002235013
0002251981
0002326698
0002321688
0002251205
0002251213
0002326841
0002226049
000221685X
0002446405
0002551101
0002326876
0002311240
0002314282
0002255200
0002338114
0002238934
0002218844
000220035X
0002245604
0002550865
0002551152
0002254131
0002239221
0002254409
0002252139
0002310899
0002550296
0002322307
0002237814
0002551489
0002251884
0002552523
0002552264
0002477904
0002255553
0002324849
0002314355
0002551500
0002550741
0002326817
0002327031
0002552396
0002214407
0002552256
0002261790
0002318733
0002553430
0002552574
0002311216
0002553341
0002553449
0002550512
0002241749
000255223X
0002553910
0002554216
0002553473
0002229781
0002553635
0002554364
0002251930
0002552078
000255397X
0002550857
0002550318
0002254980
000255447X
0002255731
0002553465
0002239418
0002553481
0002318075
0002212269
0002253305
0002554755
0002553112
0002555719
0002444763
0002553708
0002553732
0002322528
000219080X
000225977X
0002555972
0002553457
0002553295
0002556642
0002554437
0002552175
0002554232
0002554534
0002554593
0002551470
000255738X
0002556081
000255321X
0002554585
0002551675
0002318350
0002554798
0002552531
000255111X
000255383X
0002554909
0002557681
0002556847
0002554151
0002554801
0002434032
0002551659
0002554194
0002550326
0002551667
0002558386
0002554526
0002558483
0002313030
0002552507
0002557231
0002557029
0002558637
0002556723
0002551195
000255898X
0002252082
0002554771
0002558572
0002554577
0002559420
0002557584
0002558319
0002554518
0002550938
0002554623
0002570068
000257103X
0002553988
0002570874
0002557673
0002570033
0002555255
0002571382
0002570319
0002554860
0002558343
0002558033
000255934X
0002625032
0002571153
0002557991
000255464X
0002559064
0002571714
0002570130
0002711397
0002430185
0002557975
0002713454
0002558793
0002571404
000255710X
0002557517
0002554763
000257196X
0002713357
0002571072
0002711389
0002570963
0002719053
0002570327
0002551543
0002712199
0002556324
000255870X
0002555328
0002582015
0002572192
0002552493
0002712091
0002571560
0002614510
000255450X
0002628015
0002555875
0002617501
0002713756
0002710188
0002626446
0002614154
0002558173
0002557738
0002559013
0002556219
0002614529
0002711184
0002711109
0002621509
0002555166
0002725142
0002721244
0002571943
0002877414
0002551497
0002557525
0002713624
0002570890
0002730057
0003222977
0002726874
0002740427
0002571293
0002728494
0003705218
0002582023
0002727773
0003458903
0002740303
0002559102
0003278344
0002559099
0003900347
0002740168
0004105788
0003261301
0002740737
0003222985
000255268X
000382909X
0003801055
0003702650
0003034550
0002572206
0004111141
0003429253
0002571471
0003709493
0002712547
0002571633
000272765X
0004115546
0004125509
0002726386
0002877813
0002740753
0002712709
0002713241
0003002241
0004116860
0004127056
0004112563
0004125193
0003750582
0003131181
0002720728
000411535X
0004120205
0002318652
0002570831
0002725533
0002558718
0003273091
0004126815
0004123298
000370257X
0004111133
0004117263
0002875926
0003905276
0003830683
0004127382
0004133307
0004123476
0004133404
0004117107
0004133285
0004123433
0002557592
0002727463
0004129121
0004121074
0003708861
000330020X
0004122429
0004126505
0004127560
0004119835
0004133382
0003176037
0004140850
0004116798
000412801X
000322225X
0003900355
000330230X
0004111176
0004129032
0004125819
000411728X
0002554925
0004115724
000370520X
0004140176
0004129377
0003271323
0004140966
0004488156
0004351592
0004133463
0004140052
0004133595
0004332466
000274094X
0002713810
0002571668
0004129466
0004133587
0004127390
0004134125
0002551519
0004134109
0004120566
0002572168
0004486870
0004133897
0004489799
000421546X
0002556650
0004140494
0004133471
0004133900
0004487834
0004145372
0004133935
0002555026
0004589769
0002555921
0004489438
0002720213
0004350553
0003300781
0004140648
0004343638
0004334051
0004343476
0004490266
0004586441
0004488172
0004486803
0004704738
0004140338
0004356659
0004133862
0004586654
0004486110
0004702816
0004342836
0004490940
0004133536
0004490541
0004489039
0003222357
0004126483
0004125231
0004133803
0004706773
0004706927
0004705831
0004489098
0004708083
0004687019
0004336224
0004488938
0004490606
0004127919
0004700090
0004707613
0004488857
0004707729
0004350367
0004705475
0004708490
0004490401
000412913X
0004709276
0004709977
0004708474
0004700988
0004330781
0004140958
0004710258
0004708512
0004710010
0004331273
0004585488
0004588177
0004489004
0004721098
000470584X
0004589580
0004707117
0004707389
0004708229
0004708997
0004707052
0004700481
0004707702
0004710304
0004722205
0004721357
0004720776
0004704991
0004708261
0004127110
0004356470
0004707532
0004622898
0004707664
0004709799
0004721675
0004722698
0004722140
0004488865
0004539869
0004720687
0004707508
0004722116
000470763X
0004707206
0004355253
0004702743
000470746X
0004723821
0004707516
000472013X
